0.655773
0.263518
-1.193550
-1.193550
-1.193550
-1.193550
-1.193550
-1.193550
-1.193550
-1.193550
-1.193550
-1.193550
-1.193550
-1.193550
-1.193550
-1.193550
-1.193550
-1.193550
-1.193550
-1.193550
-1.193550
-1.193550
-1.193550
-1.193550
-1.193550
-1.193550
-1.193550
-1.193550
-1.193550
-1.193550
-1.193550
-1.193550
-1.193550
-1.193550
-1.193550
-1.193550
-1.193550
-1.193550
-1.193550
-1.193550
-1.193550
-1.193550
-1.193550
-1.193550
-1.193550
-1.193550
-1.193550
-1.193550
-1.193550
-1.193550
-1.193550
-1.193550
-1.193550
-1.193550
-1.193550
-1.193550
-1.193550
-1.193550
-1.193550
-1.193550
-1.193550
-1.193550
-1.193550
-1.193550
-1.193550
-1.193550
-1.193550
-1.193550
-1.193550
-1.193550
-1.193550
-1.193550
-1.193550
-1.193550
-1.193550
-1.193550
-1.193550
-1.193550
-1.193550
-1.193550
-1.193550
-1.193550
-1.193550
-1.193550
-1.193550
-1.193550
-1.193550
-1.193550
-1.193550
-1.193550
-1.193550
-1.193550
-1.193550
-1.193550
-1.193550
-1.193550
-1.193550
-1.193550
-1.193550
-1.193550
